""	"1"	"2"	"3"	"4"	"5"	"6"	"7"	"8"	"9"	"10"	"11"	"12"	"13"	"14"	"15"	"16"	"label"
"128110"	0.371900826446281	0.578512396694215	0.363636363636364	0.449586776859504	0.214876033057851	0.00826446280991736	0.00661157024793388	0.00495867768595041	1e-05	1e-05	1e-05	1e-05	1e-05	1e-05	1e-05	1e-05	"c"
"128120"	0.38343949044586	0.643312101910828	0.492993630573248	0.369426751592357	0.0509554140127389	0.0394904458598726	1e-05	1e-05	1e-05	1e-05	1e-05	1e-05	1e-05	1e-05	1e-05	1e-05	"c"
"128123"	0.307692307692308	0.676923076923077	0.484615384615385	0.367307692307692	0.0884615384615385	0.0230769230769231	0.0442307692307692	1e-05	1e-05	1e-05	1e-05	1e-05	1e-05	1e-05	1e-05	1e-05	"c"
"128124"	0.333870967741935	0.569354838709677	0.412903225806452	0.470967741935484	0.143548387096774	0.0209677419354839	0.0370967741935484	0.00806451612903226	0.00161290322580645	1e-05	1e-05	1e-05	1e-05	1e-05	1e-05	1e-05	"c"
"128137"	0.257471264367816	0.629885057471264	0.436781609195402	0.473563218390805	0.160919540229885	0.00689655172413793	0.00229885057471264	0.00919540229885057	0.00689655172413793	0.00689655172413793	0.00459770114942529	0	0.00229885057471264	1e-05	1e-05	1e-05	"c"
"128142"	0.351111111111111	0.635555555555556	0.502222222222222	0.2	0.284444444444444	0.00444444444444444	0.00444444444444444	1e-05	1e-05	1e-05	1e-05	1e-05	1e-05	1e-05	1e-05	1e-05	"c"
"128143"	0.34375	0.703125	0.528125	0.3125	0.0625	0.0125	0.0125	1e-05	1e-05	1e-05	1e-05	1e-05	1e-05	1e-05	1e-05	1e-05	"c"
"396607"	0.374074074074074	0.672222222222222	0.437037037037037	0.327777777777778	0.144444444444444	0.0111111111111111	0.0222222222222222	0.00740740740740741	1e-05	1e-05	1e-05	1e-05	1e-05	1e-05	1e-05	1e-05	"c"
"396608"	0.351464435146443	0.824267782426778	0.598744769874477	0.0878661087866109	0.118828451882845	0.0117154811715481	0.00334728033472803	0.000836820083682008	0.00125523012552301	1e-05	1e-05	1e-05	1e-05	1e-05	1e-05	1e-05	"c"
"9559195"	0.422950819672131	0.644262295081967	0.447540983606557	0.240983606557377	0.167213114754098	0.0131147540983607	0.0114754098360656	0.0344262295081967	0.0147540983606557	0.00163934426229508	0	0	0	1e-05	1e-05	1e-05	"c"
"9559196"	0.439393939393939	0.71969696969697	0.431818181818182	0.206060606060606	0.136363636363636	0.0106060606060606	0.0257575757575758	0.0196969696969697	1e-05	1e-05	1e-05	1e-05	1e-05	1e-05	1e-05	1e-05	"c"
"9559229"	0.390184381778742	0.58909978308026	0.36382863340564	0.396095444685466	0.257754880694143	0.00244034707158351	0.000379609544468547	0.000162689804772234	0	0	0	0	0	0	1e-05	1e-05	"c"
"9559230"	0.392035928143713	0.620479041916168	0.385988023952096	0.35502994011976	0.241556886227545	0.00215568862275449	0.00173652694610778	0.000718562874251497	5.98802395209581e-05	5.98802395209581e-05	0.000119760479041916	0	1e-05	1e-05	1e-05	1e-05	"c"
"9559237"	0.413793103448276	0.813793103448276	0.441379310344828	0.096551724137931	0.220689655172414	0.00689655172413793	0	1e-05	1e-05	1e-05	1e-05	1e-05	1e-05	1e-05	1e-05	1e-05	"c"
"9559249"	0.354430379746835	0.787341772151899	0.607594936708861	0.0253164556962025	0.220253164556962	0	0.00253164556962025	0	1e-05	1e-05	1e-05	1e-05	1e-05	1e-05	1e-05	1e-05	"c"
"9559257"	0.495424836601307	1.1281045751634	0.109803921568627	0.237908496732026	0.0274509803921569	0	0	1e-05	1e-05	1e-05	1e-05	1e-05	1e-05	1e-05	1e-05	1e-05	"c"
"9559258"	0.3	1.13333333333333	0.0833333333333333	0.2	0.1	0.05	0.116666666666667	0	0	0	1e-05	1e-05	1e-05	1e-05	1e-05	1e-05	"c"
"9559259"	0.454945054945055	1.05714285714286	0.224175824175824	0.173626373626374	0.0835164835164835	0	0.0043956043956044	1e-05	1e-05	1e-05	1e-05	1e-05	1e-05	1e-05	1e-05	1e-05	"c"
"9559266"	0.48786717752235	0.882375478927203	0.254406130268199	0.274457215836526	0.0724137931034483	0.0106002554278416	0.00996168582375479	0.00498084291187739	0.00191570881226054	0.000510855683269476	0.000127713920817369	0	0.000127713920817369	1e-05	1e-05	1e-05	"c"
"9559268"	0.471895424836601	1.02222222222222	0.159477124183007	0.284967320261438	0.0509803921568627	0.00392156862745098	0.00261437908496732	1e-05	1e-05	1e-05	1e-05	1e-05	1e-05	1e-05	1e-05	1e-05	"c"
"9559269"	0.546666666666667	0.72	0.413333333333333	0.12	0	0.146666666666667	1e-05	1e-05	1e-05	1e-05	1e-05	1e-05	1e-05	1e-05	1e-05	1e-05	"c"
"9559270"	0.2	1.6	0	0	0	0	1e-05	1e-05	1e-05	1e-05	1e-05	1e-05	1e-05	1e-05	1e-05	1e-05	"c"
"9559271"	0.441441441441441	1.15495495495495	0.183783783783784	0.2	0.0162162162162162	0.0018018018018018	0	1e-05	1e-05	1e-05	1e-05	1e-05	1e-05	1e-05	1e-05	1e-05	"c"
"9559273"	0.312883435582822	0.596319018404908	0.565644171779141	0.466257668711656	0.050920245398773	0.00306748466257669	1e-05	1e-05	1e-05	1e-05	1e-05	1e-05	1e-05	1e-05	1e-05	1e-05	"c"
"9559284"	0.367532467532468	0.676623376623377	0.384415584415584	0.290909090909091	0.242857142857143	0.0142857142857143	0.00909090909090909	0.0103896103896104	0.0025974025974026	0	1e-05	1e-05	1e-05	1e-05	1e-05	1e-05	"c"
"9559285"	0.349333333333333	0.768	0.48	0.333333333333333	0.0533333333333333	0.00533333333333333	0.008	1e-05	1e-05	1e-05	1e-05	1e-05	1e-05	1e-05	1e-05	1e-05	"c"
"9559299"	0.487037037037037	0.857407407407407	0.35	0.248148148148148	0.0444444444444444	0.0037037037037037	0.0037037037037037	0.0037037037037037	0	1e-05	1e-05	1e-05	1e-05	1e-05	1e-05	1e-05	"c"
"9559300"	0.2	1.4	0.2	0	0	0	0	0	1e-05	1e-05	1e-05	1e-05	1e-05	1e-05	1e-05	1e-05	"c"
"9559324"	0.4	1.4	0	0	0	1e-05	1e-05	1e-05	1e-05	1e-05	1e-05	1e-05	1e-05	1e-05	1e-05	1e-05	"c"
"9559325"	0.350943396226415	0.549056603773585	0.332075471698113	0.464150943396226	0.2	0.0509433962264151	0.00943396226415094	0.0188679245283019	0.0207547169811321	0.00188679245283019	0	0	0	0	0	1e-05	"c"
"9559326"	0.377596741344196	1.13319755600815	0.164562118126273	0.195112016293279	0.0696537678207739	0.0566191446028513	0.00162932790224033	0.000407331975560081	0.000407331975560081	0	0	0.000407331975560081	0	0	0	1e-05	"c"
"9559327"	0.371314741035857	1.29521912350598	0.105179282868526	0.195617529880478	0.0131474103585657	0.0103585657370518	0.00796812749003984	1e-05	1e-05	1e-05	1e-05	1e-05	1e-05	1e-05	1e-05	1e-05	"c"
"9559332"	0.428813559322034	0.756779661016949	0.475423728813559	0.135593220338983	0.143220338983051	0.00593220338983051	0.011864406779661	0.0152542372881356	0.0203389830508475	1e-05	1e-05	1e-05	1e-05	1e-05	1e-05	1e-05	"c"
"9559334"	0.433333333333333	0.866666666666667	0.444444444444444	0.0444444444444444	0.188888888888889	0.0111111111111111	1e-05	1e-05	1e-05	1e-05	1e-05	1e-05	1e-05	1e-05	1e-05	1e-05	"c"
"9559335"	0.6125	0.6875	0.4875	0.0125	0.1875	1e-05	1e-05	1e-05	1e-05	1e-05	1e-05	1e-05	1e-05	1e-05	1e-05	1e-05	"c"
"9559336"	0.488	0.856	0.61	0.028	1e-05	1e-05	1e-05	1e-05	1e-05	1e-05	1e-05	1e-05	1e-05	1e-05	1e-05	1e-05	"c"
"9559394"	0.405405405405405	0.783783783783784	0.52972972972973	0.12972972972973	0.145945945945946	0	0	0	1e-05	1e-05	1e-05	1e-05	1e-05	1e-05	1e-05	1e-05	"c"
"9559395"	0.5	0.775	0.5	0.05	0.1375	1e-05	1e-05	1e-05	1e-05	1e-05	1e-05	1e-05	1e-05	1e-05	1e-05	1e-05	"c"
"9559396"	0.339506172839506	0.701234567901235	0.523456790123457	0.22716049382716	0.134567901234568	0.0160493827160494	0.0160493827160494	0.0246913580246914	0.0135802469135802	1e-05	1e-05	1e-05	1e-05	1e-05	1e-05	1e-05	"c"
"9559397"	0.418	0.91	0.586	0.048	1e-05	1e-05	1e-05	1e-05	1e-05	1e-05	1e-05	1e-05	1e-05	1e-05	1e-05	1e-05	"c"
"9559399"	0.578260869565217	0.665217391304348	0.456521739130435	0.0695652173913043	0.0304347826086957	0.0869565217391304	0.0652173913043478	0	0	0.0217391304347826	0.00869565217391304	0.0130434782608696	1e-05	1e-05	1e-05	1e-05	"c"
"9559411"	0.475949367088608	0.693248945147679	0.317721518987342	0.39957805907173	0.050210970464135	0.0181434599156118	0.029535864978903	0.0118143459915612	0.0029535864978903	0.000421940928270042	0	0	0	0	1e-05	1e-05	"c"
"9559413"	0.433783783783784	0.972972972972973	0.182432432432432	0.285135135135135	0.0756756756756757	0.027027027027027	0.0189189189189189	0.0027027027027027	1e-05	1e-05	1e-05	1e-05	1e-05	1e-05	1e-05	1e-05	"c"
"9559414"	0.352795031055901	0.675776397515528	0.438509316770186	0.187577639751553	0.196273291925466	0	0.0397515527950311	0.0248447204968944	0.0248447204968944	0.0173913043478261	0.0211180124223602	0.00993788819875776	0.00993788819875776	1e-05	1e-05	1e-05	"c"
"9559415"	0.481818181818182	0.740909090909091	0.504545454545455	0.231818181818182	0.0363636363636364	1e-05	1e-05	1e-05	1e-05	1e-05	1e-05	1e-05	1e-05	1e-05	1e-05	1e-05	"c"
"9559417"	0.341324921135647	0.814511041009464	0.52807570977918	0.228391167192429	0.0561514195583596	0.0100946372239748	0.0176656151419558	0.00126182965299685	0	0	0	0	1e-05	1e-05	1e-05	1e-05	"c"
"9559418"	0.374683544303797	0.784810126582278	0.483544303797468	0.215189873417722	0.0835443037974684	0.00506329113924051	0.0253164556962025	0.020253164556962	0.00506329113924051	1e-05	1e-05	1e-05	1e-05	1e-05	1e-05	1e-05	"c"
"9559419"	0.384090909090909	0.723863636363636	0.503409090909091	0.301136363636364	0.0715909090909091	0.00681818181818182	0.00340909090909091	0.00454545454545455	1e-05	1e-05	1e-05	1e-05	1e-05	1e-05	1e-05	1e-05	"c"
"9559420"	0.590909090909091	0.28961038961039	1e-05	1e-05	1e-05	1e-05	1e-05	1e-05	1e-05	1e-05	1e-05	1e-05	1e-05	1e-05	1e-05	1e-05	"c"
"9559429"	0.254320987654321	0.85843621399177	0.594238683127572	0.251028806584362	0.0296296296296296	0.00329218106995885	0.00493827160493827	0.00246913580246914	0.000823045267489712	0	0	1e-05	1e-05	1e-05	1e-05	1e-05	"c"
"9559431"	0.317333333333333	0.6	0.385333333333333	0.478666666666667	0.164	0.016	0.0226666666666667	0.00666666666666667	0	0.00133333333333333	0	0.00266666666666667	0.00266666666666667	0	0	1e-05	"c"
"9559432"	0.533333333333333	0.566666666666667	0.533333333333333	0.133333333333333	0.0333333333333333	0	0.0666666666666667	0.1	0	1e-05	1e-05	1e-05	1e-05	1e-05	1e-05	1e-05	"c"
"9559433"	0.586	0.862	0.49	0.052	1e-05	1e-05	1e-05	1e-05	1e-05	1e-05	1e-05	1e-05	1e-05	1e-05	1e-05	1e-05	"c"
"9559434"	0.383333333333333	0.553703703703704	0.283333333333333	0.335185185185185	0.368518518518519	0.0111111111111111	0.0111111111111111	0.0185185185185185	0.0259259259259259	0.00740740740740741	0	1e-05	1e-05	1e-05	1e-05	1e-05	"c"
"9559454"	0.367741935483871	0.753225806451613	0.588709677419355	0.212903225806452	0.0725806451612903	0	0.00161290322580645	1e-05	1e-05	1e-05	1e-05	1e-05	1e-05	1e-05	1e-05	1e-05	"c"
"9559455"	0.52	0.770909090909091	0.436363636363636	0.190909090909091	0.0690909090909091	0.0109090909090909	1e-05	1e-05	1e-05	1e-05	1e-05	1e-05	1e-05	1e-05	1e-05	1e-05	"c"
"9559456"	0.36	0.92	0.4	0.08	0.04	0	0.12	0	0.04	1e-05	1e-05	1e-05	1e-05	1e-05	1e-05	1e-05	"c"
"9559457"	0.425552486187845	0.926104972375691	0.334944751381215	0.187983425414365	0.0509668508287293	0.0350828729281768	0.0279005524861878	0.00566298342541436	0.00110497237569061	0.000828729281767956	0.000966850828729282	0.00110497237569061	0.000828729281767956	0.000552486187845304	0	1e-05	"c"
"9559458"	0.421052631578947	0.894736842105263	0.410526315789474	0.0421052631578947	0.221052631578947	1e-05	1e-05	1e-05	1e-05	1e-05	1e-05	1e-05	1e-05	1e-05	1e-05	1e-05	"c"
"9559484"	0.386842105263158	0.589473684210526	0.494736842105263	0.414473684210526	0.0355263157894737	0.0513157894736842	0.0263157894736842	1e-05	1e-05	1e-05	1e-05	1e-05	1e-05	1e-05	1e-05	1e-05	"c"
"9559485"	0.245161290322581	0.670967741935484	0.580645161290323	0.225806451612903	0.245161290322581	0.0129032258064516	0.0129032258064516	0	0	0	0	1e-05	1e-05	1e-05	1e-05	1e-05	"c"
"9559493"	0.6	0.6	0.6	0	0	0.0666666666666667	0	0.0666666666666667	0	0	1e-05	1e-05	1e-05	1e-05	1e-05	1e-05	"c"
"9559506"	0.533777038269551	0.678202995008319	0.245257903494176	0.344758735440932	0.152079866888519	0.0149750415973378	0.0199667221297837	0.00898502495840266	0.00166389351081531	1e-05	1e-05	1e-05	1e-05	1e-05	1e-05	1e-05	"c"
"9559508"	0.427350427350427	0.478632478632479	0.295726495726496	0.418803418803419	0.292307692307692	0.011965811965812	0.011965811965812	0.0307692307692308	0.0273504273504274	1e-05	1e-05	1e-05	1e-05	1e-05	1e-05	1e-05	"c"
"9559509"	0.628571428571429	0.714285714285714	0.428571428571429	0	0.0285714285714286	0.0285714285714286	0.142857142857143	1e-05	1e-05	1e-05	1e-05	1e-05	1e-05	1e-05	1e-05	1e-05	"c"
"9559510"	0.561904761904762	0.904761904761905	0.279365079365079	0.133333333333333	0.114285714285714	0	0	1e-05	1e-05	1e-05	1e-05	1e-05	1e-05	1e-05	1e-05	1e-05	"c"
"9559511"	0.501333333333333	0.938666666666667	0.306666666666667	0.194666666666667	0.048	0	0.00266666666666667	0.00533333333333333	1e-05	1e-05	1e-05	1e-05	1e-05	1e-05	1e-05	1e-05	"c"
"9559512"	0.536920222634508	0.928014842300557	0.264192949907236	0.241187384044527	0.0252319109461967	0.00111317254174397	0.00111317254174397	0.00148423005565863	1e-05	1e-05	1e-05	1e-05	1e-05	1e-05	1e-05	1e-05	"c"
"9559513"	0.623529411764706	0.768627450980392	0.343137254901961	0.164705882352941	0.0862745098039216	0.00980392156862745	1e-05	1e-05	1e-05	1e-05	1e-05	1e-05	1e-05	1e-05	1e-05	1e-05	"c"
"9559530"	0.425872689938398	0.766735112936345	0.494455852156057	0.121149897330595	0.185626283367556	0.00164271047227926	0.00205338809034908	0.00164271047227926	0.000410677618069815	1e-05	1e-05	1e-05	1e-05	1e-05	1e-05	1e-05	"c"
"9559531"	0.36	1	0.4	0.04	0	0	0.04	0.12	1e-05	1e-05	1e-05	1e-05	1e-05	1e-05	1e-05	1e-05	"c"
"9559532"	0.752	0.77	0.344	0.128	1e-05	1e-05	1e-05	1e-05	1e-05	1e-05	1e-05	1e-05	1e-05	1e-05	1e-05	1e-05	"c"
"9559533"	0.52	0.768	0.62	0.058	1e-05	1e-05	1e-05	1e-05	1e-05	1e-05	1e-05	1e-05	1e-05	1e-05	1e-05	1e-05	"c"
"9559535"	0.553103448275862	0.636781609195402	0.288735632183908	0.249655172413793	0.210574712643678	0.0482758620689655	0.0032183908045977	0.00505747126436782	0.00275862068965517	0.00137931034482759	0	0	1e-05	1e-05	1e-05	1e-05	"c"
"9559536"	0.4	0.6	0.4	0.4	0	0	0	1e-05	1e-05	1e-05	1e-05	1e-05	1e-05	1e-05	1e-05	1e-05	"c"
"9559537"	0.6	0.62020202020202	0.303030303030303	0.228282828282828	0.2	0.0262626262626263	0.00606060606060606	0.00606060606060606	0.00404040404040404	0	0.00202020202020202	0	0	0	0	1e-05	"c"
"9559538"	0.376744186046512	0.546374829001368	0.347195622435021	0.40547195622435	0.277428180574555	0.00766073871409029	0.0224350205198358	0.0131326949384405	0.00300957592339261	0.00027359781121751	0	1e-05	1e-05	1e-05	1e-05	1e-05	"c"
"9559539"	0.666	1.062	0.248	0.014	1e-05	1e-05	1e-05	1e-05	1e-05	1e-05	1e-05	1e-05	1e-05	1e-05	1e-05	1e-05	"c"
"9559540"	0.483393501805054	1.02346570397112	0.158483754512635	0.212274368231047	0.105415162454874	0.00866425992779783	0.00649819494584838	0.000722021660649819	0.00036101083032491	0	0	0	0.00036101083032491	1e-05	1e-05	1e-05	"c"
"9559541"	0.492993630573248	0.785987261146497	0.419108280254777	0.149044585987261	0.114649681528662	0.0114649681528662	0.0165605095541401	0.00636942675159236	0.00254777070063694	1e-05	1e-05	1e-05	1e-05	1e-05	1e-05	1e-05	"c"
"9559543"	0.379775280898876	0.948314606741573	0.246067415730337	0.337078651685393	0.0651685393258427	0.0157303370786517	0.00674157303370787	1e-05	1e-05	1e-05	1e-05	1e-05	1e-05	1e-05	1e-05	1e-05	"c"
"9559544"	0.570909090909091	0.76	0.392727272727273	0.214545454545455	0.0545454545454545	0	0	0.00363636363636364	0	1e-05	1e-05	1e-05	1e-05	1e-05	1e-05	1e-05	"c"
"9559548"	0.614545454545455	0.647272727272727	0.414545454545455	0.269090909090909	0.0472727272727273	0	0	0.00363636363636364	0	1e-05	1e-05	1e-05	1e-05	1e-05	1e-05	1e-05	"c"
"9559549"	0.358333333333333	0.858333333333333	0.575	0.0583333333333333	0.141666666666667	1e-05	1e-05	1e-05	1e-05	1e-05	1e-05	1e-05	1e-05	1e-05	1e-05	1e-05	"c"
"9559551"	0.325581395348837	0.558139534883721	0.516279069767442	0.232558139534884	0.195348837209302	0.144186046511628	0.0232558139534884	0	0	0	1e-05	1e-05	1e-05	1e-05	1e-05	1e-05	"c"
"9559553"	0.4	0.837837837837838	0.491891891891892	0.148648648648649	0.0945945945945946	0.00810810810810811	0.00810810810810811	0.00540540540540541	0	0.0027027027027027	0	0	0	0	1e-05	1e-05	"c"
"9559554"	0.547368421052632	0.842105263157895	0.326315789473684	0.221052631578947	0.0315789473684211	0.0175438596491228	1e-05	1e-05	1e-05	1e-05	1e-05	1e-05	1e-05	1e-05	1e-05	1e-05	"c"
"9559557"	0.8	0.8	0.2	0	0	1e-05	1e-05	1e-05	1e-05	1e-05	1e-05	1e-05	1e-05	1e-05	1e-05	1e-05	"c"
"9559560"	0.657731958762887	0.929896907216495	0.180412371134021	0.175257731958763	0.0402061855670103	0.00824742268041237	0.00412371134020619	0.00309278350515464	1e-05	1e-05	1e-05	1e-05	1e-05	1e-05	1e-05	1e-05	"c"
"9559566"	0.456140350877193	0.757894736842105	0.529824561403509	0.0421052631578947	0.175438596491228	0.00701754385964912	0.0105263157894737	0.00350877192982456	0.0140350877192982	0	0	1e-05	1e-05	1e-05	1e-05	1e-05	"c"
"9559567"	0.341955835962145	0.773501577287066	0.314826498422713	0.415141955835962	0.100946372239748	0.0315457413249211	0.0145110410094637	1e-05	1e-05	1e-05	1e-05	1e-05	1e-05	1e-05	1e-05	1e-05	"c"
"9559568"	0.338983050847458	0.850847457627119	0.525423728813559	0.16271186440678	0.101694915254237	0.00338983050847458	0.00338983050847458	1e-05	1e-05	1e-05	1e-05	1e-05	1e-05	1e-05	1e-05	1e-05	"c"
"9559572"	0.426717557251908	0.641984732824427	0.386513994910941	0.457760814249364	0.0788804071246819	0.00229007633587786	0.00356234096692112	1e-05	1e-05	1e-05	1e-05	1e-05	1e-05	1e-05	1e-05	1e-05	"c"
"128111"	0.314	1.094	0.562	0.028	1e-05	1e-05	1e-05	1e-05	1e-05	1e-05	1e-05	1e-05	1e-05	1e-05	1e-05	1e-05	"k"
"128113"	0.617	1e-05	1e-05	1e-05	1e-05	1e-05	1e-05	1e-05	1e-05	1e-05	1e-05	1e-05	1e-05	1e-05	1e-05	1e-05	"k"
"128114"	0.336	0.972	0.686	0.002	1e-05	1e-05	1e-05	1e-05	1e-05	1e-05	1e-05	1e-05	1e-05	1e-05	1e-05	1e-05	"k"
"128116"	0.578	0.762	0.426	0.224	1e-05	1e-05	1e-05	1e-05	1e-05	1e-05	1e-05	1e-05	1e-05	1e-05	1e-05	1e-05	"k"
"128119"	0.687	1e-05	1e-05	1e-05	1e-05	1e-05	1e-05	1e-05	1e-05	1e-05	1e-05	1e-05	1e-05	1e-05	1e-05	1e-05	"k"
"128125"	0.476	0.882	0.636	0.004	1e-05	1e-05	1e-05	1e-05	1e-05	1e-05	1e-05	1e-05	1e-05	1e-05	1e-05	1e-05	"k"
"128126"	0.604	0.762	0.524	0.108	1e-05	1e-05	1e-05	1e-05	1e-05	1e-05	1e-05	1e-05	1e-05	1e-05	1e-05	1e-05	"k"
"128128"	0.705	1e-05	1e-05	1e-05	1e-05	1e-05	1e-05	1e-05	1e-05	1e-05	1e-05	1e-05	1e-05	1e-05	1e-05	1e-05	"k"
"128129"	0.428	0.912	0.646	0.012	1e-05	1e-05	1e-05	1e-05	1e-05	1e-05	1e-05	1e-05	1e-05	1e-05	1e-05	1e-05	"k"
"128131"	0.362	1.016	0.602	0.014	1e-05	1e-05	1e-05	1e-05	1e-05	1e-05	1e-05	1e-05	1e-05	1e-05	1e-05	1e-05	"k"
"128132"	0.686	0.746	0.374	0.18	1e-05	1e-05	1e-05	1e-05	1e-05	1e-05	1e-05	1e-05	1e-05	1e-05	1e-05	1e-05	"k"
"128133"	0.647	1e-05	1e-05	1e-05	1e-05	1e-05	1e-05	1e-05	1e-05	1e-05	1e-05	1e-05	1e-05	1e-05	1e-05	1e-05	"k"
"128134"	0.71	1e-05	1e-05	1e-05	1e-05	1e-05	1e-05	1e-05	1e-05	1e-05	1e-05	1e-05	1e-05	1e-05	1e-05	1e-05	"k"
"128136"	0.296	0.928	1e-05	1e-05	1e-05	1e-05	1e-05	1e-05	1e-05	1e-05	1e-05	1e-05	1e-05	1e-05	1e-05	1e-05	"k"
"128138"	0.674	1e-05	1e-05	1e-05	1e-05	1e-05	1e-05	1e-05	1e-05	1e-05	1e-05	1e-05	1e-05	1e-05	1e-05	1e-05	"k"
"128140"	0.458	1.46	0.078	0.002	1e-05	1e-05	1e-05	1e-05	1e-05	1e-05	1e-05	1e-05	1e-05	1e-05	1e-05	1e-05	"k"
"128141"	0.512	1.396	0.086	0.004	1e-05	1e-05	1e-05	1e-05	1e-05	1e-05	1e-05	1e-05	1e-05	1e-05	1e-05	1e-05	"k"
"128145"	0.484	1e-05	1e-05	1e-05	1e-05	1e-05	1e-05	1e-05	1e-05	1e-05	1e-05	1e-05	1e-05	1e-05	1e-05	1e-05	"k"
"128147"	0.685	1e-05	1e-05	1e-05	1e-05	1e-05	1e-05	1e-05	1e-05	1e-05	1e-05	1e-05	1e-05	1e-05	1e-05	1e-05	"k"
"128149"	0.516	0.85	0.63	0	1e-05	1e-05	1e-05	1e-05	1e-05	1e-05	1e-05	1e-05	1e-05	1e-05	1e-05	1e-05	"k"
"128150"	0.624	1e-05	1e-05	1e-05	1e-05	1e-05	1e-05	1e-05	1e-05	1e-05	1e-05	1e-05	1e-05	1e-05	1e-05	1e-05	"k"
"9449998"	0.556	0.898	0.53	0.014	1e-05	1e-05	1e-05	1e-05	1e-05	1e-05	1e-05	1e-05	1e-05	1e-05	1e-05	1e-05	"k"
"9449999"	0.65	1e-05	1e-05	1e-05	1e-05	1e-05	1e-05	1e-05	1e-05	1e-05	1e-05	1e-05	1e-05	1e-05	1e-05	1e-05	"k"
"9450000"	0.732	1e-05	1e-05	1e-05	1e-05	1e-05	1e-05	1e-05	1e-05	1e-05	1e-05	1e-05	1e-05	1e-05	1e-05	1e-05	"k"
"9558745"	0.386	0.948	0.662	0.002	1e-05	1e-05	1e-05	1e-05	1e-05	1e-05	1e-05	1e-05	1e-05	1e-05	1e-05	1e-05	"k"
"9559194"	0.606	0.81	0.516	0.066	1e-05	1e-05	1e-05	1e-05	1e-05	1e-05	1e-05	1e-05	1e-05	1e-05	1e-05	1e-05	"k"
"9559197"	0.344	0.926	0.726	0.002	1e-05	1e-05	1e-05	1e-05	1e-05	1e-05	1e-05	1e-05	1e-05	1e-05	1e-05	1e-05	"k"
"9559198"	0.384	0.796	0.814	0.004	1e-05	1e-05	1e-05	1e-05	1e-05	1e-05	1e-05	1e-05	1e-05	1e-05	1e-05	1e-05	"k"
"9559200"	0.382	0.868	0.746	0.002	1e-05	1e-05	1e-05	1e-05	1e-05	1e-05	1e-05	1e-05	1e-05	1e-05	1e-05	1e-05	"k"
"9559201"	0.63	1e-05	1e-05	1e-05	1e-05	1e-05	1e-05	1e-05	1e-05	1e-05	1e-05	1e-05	1e-05	1e-05	1e-05	1e-05	"k"
"9559202"	0.665	1e-05	1e-05	1e-05	1e-05	1e-05	1e-05	1e-05	1e-05	1e-05	1e-05	1e-05	1e-05	1e-05	1e-05	1e-05	"k"
"9559231"	0.722	1e-05	1e-05	1e-05	1e-05	1e-05	1e-05	1e-05	1e-05	1e-05	1e-05	1e-05	1e-05	1e-05	1e-05	1e-05	"k"
"9559232"	0.718	1e-05	1e-05	1e-05	1e-05	1e-05	1e-05	1e-05	1e-05	1e-05	1e-05	1e-05	1e-05	1e-05	1e-05	1e-05	"k"
"9559233"	0.498	0.878	0.598	0.024	1e-05	1e-05	1e-05	1e-05	1e-05	1e-05	1e-05	1e-05	1e-05	1e-05	1e-05	1e-05	"k"
"9559234"	0.524	0.892	0.572	0.01	1e-05	1e-05	1e-05	1e-05	1e-05	1e-05	1e-05	1e-05	1e-05	1e-05	1e-05	1e-05	"k"
"9559235"	0.32	0.924	0.744	0.008	1e-05	1e-05	1e-05	1e-05	1e-05	1e-05	1e-05	1e-05	1e-05	1e-05	1e-05	1e-05	"k"
"9559237-1"	0.715	1e-05	1e-05	1e-05	1e-05	1e-05	1e-05	1e-05	1e-05	1e-05	1e-05	1e-05	1e-05	1e-05	1e-05	1e-05	"k"
"9559238"	0.46	0.98	0.556	0.002	1e-05	1e-05	1e-05	1e-05	1e-05	1e-05	1e-05	1e-05	1e-05	1e-05	1e-05	1e-05	"k"
"9559239"	0.474	0.894	0.624	0.006	1e-05	1e-05	1e-05	1e-05	1e-05	1e-05	1e-05	1e-05	1e-05	1e-05	1e-05	1e-05	"k"
"9559240"	0.694	1e-05	1e-05	1e-05	1e-05	1e-05	1e-05	1e-05	1e-05	1e-05	1e-05	1e-05	1e-05	1e-05	1e-05	1e-05	"k"
"9559241"	0.662	0.726	0.232	0.322	1e-05	1e-05	1e-05	1e-05	1e-05	1e-05	1e-05	1e-05	1e-05	1e-05	1e-05	1e-05	"k"
"9559246"	0.508	1.442	0.044	0.004	1e-05	1e-05	1e-05	1e-05	1e-05	1e-05	1e-05	1e-05	1e-05	1e-05	1e-05	1e-05	"k"
"9559247"	0.646	0.786	0.228	0.304	1e-05	1e-05	1e-05	1e-05	1e-05	1e-05	1e-05	1e-05	1e-05	1e-05	1e-05	1e-05	"k"
"9559248"	0.603	1e-05	1e-05	1e-05	1e-05	1e-05	1e-05	1e-05	1e-05	1e-05	1e-05	1e-05	1e-05	1e-05	1e-05	1e-05	"k"
"9559250"	0.47	1.214	0.304	0.002	1e-05	1e-05	1e-05	1e-05	1e-05	1e-05	1e-05	1e-05	1e-05	1e-05	1e-05	1e-05	"k"
"9559261"	0.374	1.522	0.09	0.012	1e-05	1e-05	1e-05	1e-05	1e-05	1e-05	1e-05	1e-05	1e-05	1e-05	1e-05	1e-05	"k"
"9559265"	0.574	0.762	0.478	0.182	1e-05	1e-05	1e-05	1e-05	1e-05	1e-05	1e-05	1e-05	1e-05	1e-05	1e-05	1e-05	"k"
"9559267"	0.438	1.544	0.01	0.002	1e-05	1e-05	1e-05	1e-05	1e-05	1e-05	1e-05	1e-05	1e-05	1e-05	1e-05	1e-05	"k"
"9559272"	0.394	1.178	0.42	0.004	1e-05	1e-05	1e-05	1e-05	1e-05	1e-05	1e-05	1e-05	1e-05	1e-05	1e-05	1e-05	"k"
"9559275"	0.623	1e-05	1e-05	1e-05	1e-05	1e-05	1e-05	1e-05	1e-05	1e-05	1e-05	1e-05	1e-05	1e-05	1e-05	1e-05	"k"
"9559277"	0.647	1e-05	1e-05	1e-05	1e-05	1e-05	1e-05	1e-05	1e-05	1e-05	1e-05	1e-05	1e-05	1e-05	1e-05	1e-05	"k"
"9559283"	0.604	0.874	0.27	0.214	1e-05	1e-05	1e-05	1e-05	1e-05	1e-05	1e-05	1e-05	1e-05	1e-05	1e-05	1e-05	"k"
"9559286"	0.378	0.982	0.632	0.006	1e-05	1e-05	1e-05	1e-05	1e-05	1e-05	1e-05	1e-05	1e-05	1e-05	1e-05	1e-05	"k"
"9559287"	0.616	1e-05	1e-05	1e-05	1e-05	1e-05	1e-05	1e-05	1e-05	1e-05	1e-05	1e-05	1e-05	1e-05	1e-05	1e-05	"k"
"9559288"	0.348	0.886	0.762	0.002	1e-05	1e-05	1e-05	1e-05	1e-05	1e-05	1e-05	1e-05	1e-05	1e-05	1e-05	1e-05	"k"
"9559289"	0.484	0.914	0.598	0.002	1e-05	1e-05	1e-05	1e-05	1e-05	1e-05	1e-05	1e-05	1e-05	1e-05	1e-05	1e-05	"k"
"9559290"	0.675	1e-05	1e-05	1e-05	1e-05	1e-05	1e-05	1e-05	1e-05	1e-05	1e-05	1e-05	1e-05	1e-05	1e-05	1e-05	"k"
"9559291"	0.43	0.946	0.616	0.004	1e-05	1e-05	1e-05	1e-05	1e-05	1e-05	1e-05	1e-05	1e-05	1e-05	1e-05	1e-05	"k"
"9559292"	0.528	0.892	0.554	0.02	1e-05	1e-05	1e-05	1e-05	1e-05	1e-05	1e-05	1e-05	1e-05	1e-05	1e-05	1e-05	"k"
"9559295"	0.685	1e-05	1e-05	1e-05	1e-05	1e-05	1e-05	1e-05	1e-05	1e-05	1e-05	1e-05	1e-05	1e-05	1e-05	1e-05	"k"
"9559296"	0.514	1.122	0.356	0.004	1e-05	1e-05	1e-05	1e-05	1e-05	1e-05	1e-05	1e-05	1e-05	1e-05	1e-05	1e-05	"k"
"9559297"	0.296	1.014	0.68	0.008	1e-05	1e-05	1e-05	1e-05	1e-05	1e-05	1e-05	1e-05	1e-05	1e-05	1e-05	1e-05	"k"
"9559298"	0.598	0.862	0.516	0.022	1e-05	1e-05	1e-05	1e-05	1e-05	1e-05	1e-05	1e-05	1e-05	1e-05	1e-05	1e-05	"k"
"9559398"	0.444	0.976	0.576	0	1e-05	1e-05	1e-05	1e-05	1e-05	1e-05	1e-05	1e-05	1e-05	1e-05	1e-05	1e-05	"k"
"9559412"	0.348	0.844	0.798	0.008	1e-05	1e-05	1e-05	1e-05	1e-05	1e-05	1e-05	1e-05	1e-05	1e-05	1e-05	1e-05	"k"
"9559430"	0.5	0.92	0.572	0.006	1e-05	1e-05	1e-05	1e-05	1e-05	1e-05	1e-05	1e-05	1e-05	1e-05	1e-05	1e-05	"k"
"9559482"	0.588	0.81	0.56	0.04	1e-05	1e-05	1e-05	1e-05	1e-05	1e-05	1e-05	1e-05	1e-05	1e-05	1e-05	1e-05	"k"
"9559486"	0.48	0.904	0.6	0.012	1e-05	1e-05	1e-05	1e-05	1e-05	1e-05	1e-05	1e-05	1e-05	1e-05	1e-05	1e-05	"k"
"9559488"	0.36	1.014	0.622	0.002	1e-05	1e-05	1e-05	1e-05	1e-05	1e-05	1e-05	1e-05	1e-05	1e-05	1e-05	1e-05	"k"
"9559489"	0.568	0.794	0.544	0.084	1e-05	1e-05	1e-05	1e-05	1e-05	1e-05	1e-05	1e-05	1e-05	1e-05	1e-05	1e-05	"k"
"9559490"	0.378	1.014	0.6	0.006	1e-05	1e-05	1e-05	1e-05	1e-05	1e-05	1e-05	1e-05	1e-05	1e-05	1e-05	1e-05	"k"
"9559491"	0.905	1e-05	1e-05	1e-05	1e-05	1e-05	1e-05	1e-05	1e-05	1e-05	1e-05	1e-05	1e-05	1e-05	1e-05	1e-05	"k"
"9559504"	0.696	1e-05	1e-05	1e-05	1e-05	1e-05	1e-05	1e-05	1e-05	1e-05	1e-05	1e-05	1e-05	1e-05	1e-05	1e-05	"k"
"9559505"	0.534	0.862	0.584	0.018	1e-05	1e-05	1e-05	1e-05	1e-05	1e-05	1e-05	1e-05	1e-05	1e-05	1e-05	1e-05	"k"
"9559507"	0.662	0.92	0.398	0.018	1e-05	1e-05	1e-05	1e-05	1e-05	1e-05	1e-05	1e-05	1e-05	1e-05	1e-05	1e-05	"k"
"9559542"	0.694	1e-05	1e-05	1e-05	1e-05	1e-05	1e-05	1e-05	1e-05	1e-05	1e-05	1e-05	1e-05	1e-05	1e-05	1e-05	"k"
"9559546"	0.458	0.868	0.668	0.002	1e-05	1e-05	1e-05	1e-05	1e-05	1e-05	1e-05	1e-05	1e-05	1e-05	1e-05	1e-05	"k"
"9559547"	0.951	1e-05	1e-05	1e-05	1e-05	1e-05	1e-05	1e-05	1e-05	1e-05	1e-05	1e-05	1e-05	1e-05	1e-05	1e-05	"k"
"9559550"	0.739	1e-05	1e-05	1e-05	1e-05	1e-05	1e-05	1e-05	1e-05	1e-05	1e-05	1e-05	1e-05	1e-05	1e-05	1e-05	"k"
"9559561"	0.798	0.854	0.316	0.03	1e-05	1e-05	1e-05	1e-05	1e-05	1e-05	1e-05	1e-05	1e-05	1e-05	1e-05	1e-05	"k"
"9559565"	0.574	1.142	0.274	0.008	1e-05	1e-05	1e-05	1e-05	1e-05	1e-05	1e-05	1e-05	1e-05	1e-05	1e-05	1e-05	"k"
"9559570"	0.594	0.712	0.588	0.104	1e-05	1e-05	1e-05	1e-05	1e-05	1e-05	1e-05	1e-05	1e-05	1e-05	1e-05	1e-05	"k"
"9387261"	0.524	0.932	0.522	0.02	1e-05	1e-05	1e-05	1e-05	1e-05	1e-05	1e-05	1e-05	1e-05	1e-05	1e-05	1e-05	"n"
"9387262"	0.588	0.918	0.46	0.032	1e-05	1e-05	1e-05	1e-05	1e-05	1e-05	1e-05	1e-05	1e-05	1e-05	1e-05	1e-05	"n"
"9387279"	0.636	1e-05	1e-05	1e-05	1e-05	1e-05	1e-05	1e-05	1e-05	1e-05	1e-05	1e-05	1e-05	1e-05	1e-05	1e-05	"n"
"9558701"	0.604	0.886	0.478	0.026	1e-05	1e-05	1e-05	1e-05	1e-05	1e-05	1e-05	1e-05	1e-05	1e-05	1e-05	1e-05	"n"
"9558702"	0.652	0.766	0.442	0.134	1e-05	1e-05	1e-05	1e-05	1e-05	1e-05	1e-05	1e-05	1e-05	1e-05	1e-05	1e-05	"n"
"9558703"	0.472	0.944	0.576	0.004	1e-05	1e-05	1e-05	1e-05	1e-05	1e-05	1e-05	1e-05	1e-05	1e-05	1e-05	1e-05	"n"
"9558704"	0.528	0.888	0.572	0.008	1e-05	1e-05	1e-05	1e-05	1e-05	1e-05	1e-05	1e-05	1e-05	1e-05	1e-05	1e-05	"n"
"9558705"	0.683	1e-05	1e-05	1e-05	1e-05	1e-05	1e-05	1e-05	1e-05	1e-05	1e-05	1e-05	1e-05	1e-05	1e-05	1e-05	"n"
"9558706"	0.548	0.874	0.556	0.02	1e-05	1e-05	1e-05	1e-05	1e-05	1e-05	1e-05	1e-05	1e-05	1e-05	1e-05	1e-05	"n"
"9558707"	0.765	1e-05	1e-05	1e-05	1e-05	1e-05	1e-05	1e-05	1e-05	1e-05	1e-05	1e-05	1e-05	1e-05	1e-05	1e-05	"n"
"9558708"	0.548	0.9	0.54	0.006	1e-05	1e-05	1e-05	1e-05	1e-05	1e-05	1e-05	1e-05	1e-05	1e-05	1e-05	1e-05	"n"
"9558709"	0.714	1e-05	1e-05	1e-05	1e-05	1e-05	1e-05	1e-05	1e-05	1e-05	1e-05	1e-05	1e-05	1e-05	1e-05	1e-05	"n"
"9558710"	0.59	0.704	0.528	0.174	1e-05	1e-05	1e-05	1e-05	1e-05	1e-05	1e-05	1e-05	1e-05	1e-05	1e-05	1e-05	"n"
"9558711"	0.688	1e-05	1e-05	1e-05	1e-05	1e-05	1e-05	1e-05	1e-05	1e-05	1e-05	1e-05	1e-05	1e-05	1e-05	1e-05	"n"
"9558712"	0.554	0.858	0.574	0.01	1e-05	1e-05	1e-05	1e-05	1e-05	1e-05	1e-05	1e-05	1e-05	1e-05	1e-05	1e-05	"n"
"9558713"	0.738	1e-05	1e-05	1e-05	1e-05	1e-05	1e-05	1e-05	1e-05	1e-05	1e-05	1e-05	1e-05	1e-05	1e-05	1e-05	"n"
"9558714"	0.404	0.752	0.834	0.006	1e-05	1e-05	1e-05	1e-05	1e-05	1e-05	1e-05	1e-05	1e-05	1e-05	1e-05	1e-05	"n"
"9558715"	0.606	0.792	0.562	0.038	1e-05	1e-05	1e-05	1e-05	1e-05	1e-05	1e-05	1e-05	1e-05	1e-05	1e-05	1e-05	"n"
"9558716"	0.733	1e-05	1e-05	1e-05	1e-05	1e-05	1e-05	1e-05	1e-05	1e-05	1e-05	1e-05	1e-05	1e-05	1e-05	1e-05	"n"
"9558717"	0.344	0.946	0.7	0.006	1e-05	1e-05	1e-05	1e-05	1e-05	1e-05	1e-05	1e-05	1e-05	1e-05	1e-05	1e-05	"n"
"9558719"	0.338	0.978	0.68	0.002	1e-05	1e-05	1e-05	1e-05	1e-05	1e-05	1e-05	1e-05	1e-05	1e-05	1e-05	1e-05	"n"
"9558720"	0.526	0.886	0.58	0.006	1e-05	1e-05	1e-05	1e-05	1e-05	1e-05	1e-05	1e-05	1e-05	1e-05	1e-05	1e-05	"n"
"9558723"	0.51	0.928	0.554	0.006	1e-05	1e-05	1e-05	1e-05	1e-05	1e-05	1e-05	1e-05	1e-05	1e-05	1e-05	1e-05	"n"
"9558725"	0.398	0.958	0.642	0	1e-05	1e-05	1e-05	1e-05	1e-05	1e-05	1e-05	1e-05	1e-05	1e-05	1e-05	1e-05	"n"
"9558726"	0.688	1e-05	1e-05	1e-05	1e-05	1e-05	1e-05	1e-05	1e-05	1e-05	1e-05	1e-05	1e-05	1e-05	1e-05	1e-05	"n"
"9558728"	0.554	0.79	0.61	0.042	1e-05	1e-05	1e-05	1e-05	1e-05	1e-05	1e-05	1e-05	1e-05	1e-05	1e-05	1e-05	"n"
"9558729"	0.43	0.782	0.784	0.002	1e-05	1e-05	1e-05	1e-05	1e-05	1e-05	1e-05	1e-05	1e-05	1e-05	1e-05	1e-05	"n"
"9558732"	0.406	0.88	0.71	0	1e-05	1e-05	1e-05	1e-05	1e-05	1e-05	1e-05	1e-05	1e-05	1e-05	1e-05	1e-05	"n"
"9558733"	0.43	0.882	0.68	0.006	1e-05	1e-05	1e-05	1e-05	1e-05	1e-05	1e-05	1e-05	1e-05	1e-05	1e-05	1e-05	"n"
"9558735"	0.62	1e-05	1e-05	1e-05	1e-05	1e-05	1e-05	1e-05	1e-05	1e-05	1e-05	1e-05	1e-05	1e-05	1e-05	1e-05	"n"
"9558736"	0.745	1e-05	1e-05	1e-05	1e-05	1e-05	1e-05	1e-05	1e-05	1e-05	1e-05	1e-05	1e-05	1e-05	1e-05	1e-05	"n"
"9558737"	0.566	0.832	0.57	0.028	1e-05	1e-05	1e-05	1e-05	1e-05	1e-05	1e-05	1e-05	1e-05	1e-05	1e-05	1e-05	"n"
"9558738"	0.725	1e-05	1e-05	1e-05	1e-05	1e-05	1e-05	1e-05	1e-05	1e-05	1e-05	1e-05	1e-05	1e-05	1e-05	1e-05	"n"
"9558739"	0.712	1e-05	1e-05	1e-05	1e-05	1e-05	1e-05	1e-05	1e-05	1e-05	1e-05	1e-05	1e-05	1e-05	1e-05	1e-05	"n"
"9558740"	0.484	0.932	0.574	0.008	1e-05	1e-05	1e-05	1e-05	1e-05	1e-05	1e-05	1e-05	1e-05	1e-05	1e-05	1e-05	"n"
"9558741"	0.637	1e-05	1e-05	1e-05	1e-05	1e-05	1e-05	1e-05	1e-05	1e-05	1e-05	1e-05	1e-05	1e-05	1e-05	1e-05	"n"
"9558742"	0.574	0.926	0.484	0.012	1e-05	1e-05	1e-05	1e-05	1e-05	1e-05	1e-05	1e-05	1e-05	1e-05	1e-05	1e-05	"n"
"9558743"	0.671	1e-05	1e-05	1e-05	1e-05	1e-05	1e-05	1e-05	1e-05	1e-05	1e-05	1e-05	1e-05	1e-05	1e-05	1e-05	"n"
"9558744"	0.72	1e-05	1e-05	1e-05	1e-05	1e-05	1e-05	1e-05	1e-05	1e-05	1e-05	1e-05	1e-05	1e-05	1e-05	1e-05	"n"
"9558746"	0.478	0.93	0.582	0.006	1e-05	1e-05	1e-05	1e-05	1e-05	1e-05	1e-05	1e-05	1e-05	1e-05	1e-05	1e-05	"n"
"9558747"	0.606	0.83	0.512	0.05	1e-05	1e-05	1e-05	1e-05	1e-05	1e-05	1e-05	1e-05	1e-05	1e-05	1e-05	1e-05	"n"
"9558748"	0.582	0.906	0.494	0.016	1e-05	1e-05	1e-05	1e-05	1e-05	1e-05	1e-05	1e-05	1e-05	1e-05	1e-05	1e-05	"n"
"9558750"	0.538	0.786	0.62	0.054	1e-05	1e-05	1e-05	1e-05	1e-05	1e-05	1e-05	1e-05	1e-05	1e-05	1e-05	1e-05	"n"
"9558752"	0.446	0.904	0.646	0.002	1e-05	1e-05	1e-05	1e-05	1e-05	1e-05	1e-05	1e-05	1e-05	1e-05	1e-05	1e-05	"n"
"9558753"	0.628	0.826	0.492	0.05	1e-05	1e-05	1e-05	1e-05	1e-05	1e-05	1e-05	1e-05	1e-05	1e-05	1e-05	1e-05	"n"
"9558754"	0.364	0.896	0.73	0.008	1e-05	1e-05	1e-05	1e-05	1e-05	1e-05	1e-05	1e-05	1e-05	1e-05	1e-05	1e-05	"n"
"9558755"	0.704	1e-05	1e-05	1e-05	1e-05	1e-05	1e-05	1e-05	1e-05	1e-05	1e-05	1e-05	1e-05	1e-05	1e-05	1e-05	"n"
"9558756"	0.697	1e-05	1e-05	1e-05	1e-05	1e-05	1e-05	1e-05	1e-05	1e-05	1e-05	1e-05	1e-05	1e-05	1e-05	1e-05	"n"
"9558757"	0.348	0.952	0.698	0	1e-05	1e-05	1e-05	1e-05	1e-05	1e-05	1e-05	1e-05	1e-05	1e-05	1e-05	1e-05	"n"
"9558758"	0.33	0.884	0.78	0.002	1e-05	1e-05	1e-05	1e-05	1e-05	1e-05	1e-05	1e-05	1e-05	1e-05	1e-05	1e-05	"n"
"9558759"	0.655	1e-05	1e-05	1e-05	1e-05	1e-05	1e-05	1e-05	1e-05	1e-05	1e-05	1e-05	1e-05	1e-05	1e-05	1e-05	"n"
"9558760"	0.646	1e-05	1e-05	1e-05	1e-05	1e-05	1e-05	1e-05	1e-05	1e-05	1e-05	1e-05	1e-05	1e-05	1e-05	1e-05	"n"
"9559181"	0.678	1e-05	1e-05	1e-05	1e-05	1e-05	1e-05	1e-05	1e-05	1e-05	1e-05	1e-05	1e-05	1e-05	1e-05	1e-05	"n"
"9559182"	0.686	1e-05	1e-05	1e-05	1e-05	1e-05	1e-05	1e-05	1e-05	1e-05	1e-05	1e-05	1e-05	1e-05	1e-05	1e-05	"n"
"9559184"	0.434	0.888	0.672	0.004	1e-05	1e-05	1e-05	1e-05	1e-05	1e-05	1e-05	1e-05	1e-05	1e-05	1e-05	1e-05	"n"
"9559185"	0.674	1e-05	1e-05	1e-05	1e-05	1e-05	1e-05	1e-05	1e-05	1e-05	1e-05	1e-05	1e-05	1e-05	1e-05	1e-05	"n"
"9559186"	0.526	0.884	0.578	0.006	1e-05	1e-05	1e-05	1e-05	1e-05	1e-05	1e-05	1e-05	1e-05	1e-05	1e-05	1e-05	"n"
"9559187"	0.698	1e-05	1e-05	1e-05	1e-05	1e-05	1e-05	1e-05	1e-05	1e-05	1e-05	1e-05	1e-05	1e-05	1e-05	1e-05	"n"
"9559190"	0.677	1e-05	1e-05	1e-05	1e-05	1e-05	1e-05	1e-05	1e-05	1e-05	1e-05	1e-05	1e-05	1e-05	1e-05	1e-05	"n"
"9559205"	0.622	1e-05	1e-05	1e-05	1e-05	1e-05	1e-05	1e-05	1e-05	1e-05	1e-05	1e-05	1e-05	1e-05	1e-05	1e-05	"n"
"9559214"	0.352	0.898	0.744	0.002	1e-05	1e-05	1e-05	1e-05	1e-05	1e-05	1e-05	1e-05	1e-05	1e-05	1e-05	1e-05	"n"
"9559215"	0.675	1e-05	1e-05	1e-05	1e-05	1e-05	1e-05	1e-05	1e-05	1e-05	1e-05	1e-05	1e-05	1e-05	1e-05	1e-05	"n"
"9559402"	0.688	1e-05	1e-05	1e-05	1e-05	1e-05	1e-05	1e-05	1e-05	1e-05	1e-05	1e-05	1e-05	1e-05	1e-05	1e-05	"n"
"9559403"	0.642	0.858	0.42	0.074	1e-05	1e-05	1e-05	1e-05	1e-05	1e-05	1e-05	1e-05	1e-05	1e-05	1e-05	1e-05	"n"
"9559404"	0.614	0.834	0.528	0.022	1e-05	1e-05	1e-05	1e-05	1e-05	1e-05	1e-05	1e-05	1e-05	1e-05	1e-05	1e-05	"n"
"9559405"	0.643	1e-05	1e-05	1e-05	1e-05	1e-05	1e-05	1e-05	1e-05	1e-05	1e-05	1e-05	1e-05	1e-05	1e-05	1e-05	"n"
"9559406"	0.502	0.89	0.6	0.006	1e-05	1e-05	1e-05	1e-05	1e-05	1e-05	1e-05	1e-05	1e-05	1e-05	1e-05	1e-05	"n"
"9559407"	0.673	1e-05	1e-05	1e-05	1e-05	1e-05	1e-05	1e-05	1e-05	1e-05	1e-05	1e-05	1e-05	1e-05	1e-05	1e-05	"n"
"9559408"	0.636	0.816	0.43	0.114	1e-05	1e-05	1e-05	1e-05	1e-05	1e-05	1e-05	1e-05	1e-05	1e-05	1e-05	1e-05	"n"
"9559409"	0.512	0.912	0.562	0.012	1e-05	1e-05	1e-05	1e-05	1e-05	1e-05	1e-05	1e-05	1e-05	1e-05	1e-05	1e-05	"n"
"9559410"	0.352	0.898	0.742	0.004	1e-05	1e-05	1e-05	1e-05	1e-05	1e-05	1e-05	1e-05	1e-05	1e-05	1e-05	1e-05	"n"
"9559421"	0.632	1e-05	1e-05	1e-05	1e-05	1e-05	1e-05	1e-05	1e-05	1e-05	1e-05	1e-05	1e-05	1e-05	1e-05	1e-05	"n"
"9559422"	0.46	0.924	0.61	0.004	1e-05	1e-05	1e-05	1e-05	1e-05	1e-05	1e-05	1e-05	1e-05	1e-05	1e-05	1e-05	"n"
"9559424"	0.426	0.956	0.608	0.008	1e-05	1e-05	1e-05	1e-05	1e-05	1e-05	1e-05	1e-05	1e-05	1e-05	1e-05	1e-05	"n"
"9559425"	0.703	1e-05	1e-05	1e-05	1e-05	1e-05	1e-05	1e-05	1e-05	1e-05	1e-05	1e-05	1e-05	1e-05	1e-05	1e-05	"n"
"9559426"	0.576	0.818	0.584	0.02	1e-05	1e-05	1e-05	1e-05	1e-05	1e-05	1e-05	1e-05	1e-05	1e-05	1e-05	1e-05	"n"
"9559436"	0.695	1e-05	1e-05	1e-05	1e-05	1e-05	1e-05	1e-05	1e-05	1e-05	1e-05	1e-05	1e-05	1e-05	1e-05	1e-05	"n"
"9559439"	0.496	0.906	0.574	0.02	1e-05	1e-05	1e-05	1e-05	1e-05	1e-05	1e-05	1e-05	1e-05	1e-05	1e-05	1e-05	"n"
"9559442"	0.686	1e-05	1e-05	1e-05	1e-05	1e-05	1e-05	1e-05	1e-05	1e-05	1e-05	1e-05	1e-05	1e-05	1e-05	1e-05	"n"
"9559445"	0.784	1e-05	1e-05	1e-05	1e-05	1e-05	1e-05	1e-05	1e-05	1e-05	1e-05	1e-05	1e-05	1e-05	1e-05	1e-05	"n"
"9559448"	0.508	0.896	0.588	0.006	1e-05	1e-05	1e-05	1e-05	1e-05	1e-05	1e-05	1e-05	1e-05	1e-05	1e-05	1e-05	"n"
"9559449"	0.484	0.892	0.604	0.014	1e-05	1e-05	1e-05	1e-05	1e-05	1e-05	1e-05	1e-05	1e-05	1e-05	1e-05	1e-05	"n"
"9559494"	0.54	1.2	0.258	0	1e-05	1e-05	1e-05	1e-05	1e-05	1e-05	1e-05	1e-05	1e-05	1e-05	1e-05	1e-05	"n"
"9559495"	0.48	1.26	0.258	0	1e-05	1e-05	1e-05	1e-05	1e-05	1e-05	1e-05	1e-05	1e-05	1e-05	1e-05	1e-05	"n"
"9559496"	0.899	1e-05	1e-05	1e-05	1e-05	1e-05	1e-05	1e-05	1e-05	1e-05	1e-05	1e-05	1e-05	1e-05	1e-05	1e-05	"n"
"9559497"	0.558	1.066	0.37	0.004	1e-05	1e-05	1e-05	1e-05	1e-05	1e-05	1e-05	1e-05	1e-05	1e-05	1e-05	1e-05	"n"
"9559498"	0.528	1.362	0.106	0	1e-05	1e-05	1e-05	1e-05	1e-05	1e-05	1e-05	1e-05	1e-05	1e-05	1e-05	1e-05	"n"
"9559500"	0.669	1e-05	1e-05	1e-05	1e-05	1e-05	1e-05	1e-05	1e-05	1e-05	1e-05	1e-05	1e-05	1e-05	1e-05	1e-05	"n"
"9559501"	0.522	0.922	0.55	0.004	1e-05	1e-05	1e-05	1e-05	1e-05	1e-05	1e-05	1e-05	1e-05	1e-05	1e-05	1e-05	"n"
"9559502"	0.707	1e-05	1e-05	1e-05	1e-05	1e-05	1e-05	1e-05	1e-05	1e-05	1e-05	1e-05	1e-05	1e-05	1e-05	1e-05	"n"
"9559503"	0.5	0.922	0.576	0	1e-05	1e-05	1e-05	1e-05	1e-05	1e-05	1e-05	1e-05	1e-05	1e-05	1e-05	1e-05	"n"
"9559515"	0.384	0.898	0.712	0.002	1e-05	1e-05	1e-05	1e-05	1e-05	1e-05	1e-05	1e-05	1e-05	1e-05	1e-05	1e-05	"n"
"9559516"	0.416	0.932	0.64	0.01	1e-05	1e-05	1e-05	1e-05	1e-05	1e-05	1e-05	1e-05	1e-05	1e-05	1e-05	1e-05	"n"
"9559517"	0.474	0.792	0.73	0.002	1e-05	1e-05	1e-05	1e-05	1e-05	1e-05	1e-05	1e-05	1e-05	1e-05	1e-05	1e-05	"n"
"9559518"	0.536	0.804	0.624	0.032	1e-05	1e-05	1e-05	1e-05	1e-05	1e-05	1e-05	1e-05	1e-05	1e-05	1e-05	1e-05	"n"
"9559520"	0.712	1e-05	1e-05	1e-05	1e-05	1e-05	1e-05	1e-05	1e-05	1e-05	1e-05	1e-05	1e-05	1e-05	1e-05	1e-05	"n"
"9559521"	0.524	0.906	0.56	0.008	1e-05	1e-05	1e-05	1e-05	1e-05	1e-05	1e-05	1e-05	1e-05	1e-05	1e-05	1e-05	"n"
"9559522"	0.498	0.866	0.632	0.002	1e-05	1e-05	1e-05	1e-05	1e-05	1e-05	1e-05	1e-05	1e-05	1e-05	1e-05	1e-05	"n"
"9559523"	0.514	0.894	0.58	0.008	1e-05	1e-05	1e-05	1e-05	1e-05	1e-05	1e-05	1e-05	1e-05	1e-05	1e-05	1e-05	"n"
"9559525"	0.696	1e-05	1e-05	1e-05	1e-05	1e-05	1e-05	1e-05	1e-05	1e-05	1e-05	1e-05	1e-05	1e-05	1e-05	1e-05	"n"
"9559526"	0.472	0.904	0.616	0.006	1e-05	1e-05	1e-05	1e-05	1e-05	1e-05	1e-05	1e-05	1e-05	1e-05	1e-05	1e-05	"n"
"9559529"	0.614	0.854	0.488	0.04	1e-05	1e-05	1e-05	1e-05	1e-05	1e-05	1e-05	1e-05	1e-05	1e-05	1e-05	1e-05	"n"
